# Transformed to the PS r-band from Zeljko and Juric's SDSS luminosity
# function (MrLF.MSandRGB_v1.0.dat), using Eddie Schlafly's
# pssdsstransformall routine in ps.py. For details, see Greg Green's
# sdss2ps.py. For more information on the original SDSS template
# library, see the header in MrLF.MSandRGB_v1.0.dat.
# 
#  Mr        LF
# (AB) (stars/pc^3/mag)
-1.00 3.45e-05
-0.99 3.48e-05
-0.98 3.51e-05
-0.97 3.53e-05
-0.96 3.56e-05
-0.95 3.59e-05
-0.94 3.62e-05
-0.93 3.64e-05
-0.92 3.67e-05
-0.91 3.7e-05
-0.90 3.73e-05
-0.89 3.76e-05
-0.88 3.78e-05
-0.87 3.81e-05
-0.86 3.84e-05
-0.85 3.87e-05
-0.84 3.9e-05
-0.83 3.93e-05
-0.82 3.96e-05
-0.81 3.99e-05
-0.80 4.02e-05
-0.79 4.05e-05
-0.78 4.08e-05
-0.77 4.11e-05
-0.76 4.15e-05
-0.75 4.18e-05
-0.74 4.21e-05
-0.73 4.24e-05
-0.72 4.27e-05
-0.71 4.31e-05
-0.70 4.34e-05
-0.69 4.37e-05
-0.68 4.41e-05
-0.67 4.44e-05
-0.66 4.47e-05
-0.65 4.51e-05
-0.64 4.54e-05
-0.63 4.58e-05
-0.62 4.61e-05
-0.61 4.65e-05
-0.60 4.68e-05
-0.59 4.72e-05
-0.58 4.75e-05
-0.57 4.79e-05
-0.56 4.83e-05
-0.55 4.86e-05
-0.54 4.9e-05
-0.53 4.94e-05
-0.52 4.98e-05
-0.51 5.01e-05
-0.50 5.05e-05
-0.49 5.09e-05
-0.48 5.13e-05
-0.47 5.17e-05
-0.46 5.21e-05
-0.45 5.25e-05
-0.44 5.29e-05
-0.43 5.33e-05
-0.42 5.37e-05
-0.41 5.41e-05
-0.40 5.45e-05
-0.39 5.49e-05
-0.38 5.53e-05
-0.37 5.58e-05
-0.36 5.62e-05
-0.35 5.66e-05
-0.34 5.7e-05
-0.33 5.75e-05
-0.32 5.79e-05
-0.31 5.84e-05
-0.30 5.88e-05
-0.29 5.93e-05
-0.28 5.97e-05
-0.27 6.02e-05
-0.26 6.06e-05
-0.25 6.11e-05
-0.24 6.16e-05
-0.23 6.2e-05
-0.22 6.25e-05
-0.21 6.3e-05
-0.20 6.35e-05
-0.19 6.39e-05
-0.18 6.44e-05
-0.17 6.49e-05
-0.16 6.54e-05
-0.15 6.59e-05
-0.14 6.64e-05
-0.13 6.69e-05
-0.12 6.74e-05
-0.11 6.79e-05
-0.10 6.85e-05
-0.09 6.9e-05
-0.08 6.95e-05
-0.07 7e-05
-0.06 7.06e-05
-0.05 7.11e-05
-0.04 7.17e-05
-0.03 7.22e-05
-0.02 7.28e-05
-0.01 7.33e-05
0.00 7.39e-05
0.01 7.44e-05
0.02 7.5e-05
0.03 7.56e-05
0.04 7.61e-05
0.05 7.67e-05
0.06 7.73e-05
0.07 7.79e-05
0.08 7.85e-05
0.09 7.91e-05
0.10 7.97e-05
0.11 8.03e-05
0.12 8.09e-05
0.13 8.15e-05
0.14 8.22e-05
0.15 8.28e-05
0.16 8.34e-05
0.17 8.41e-05
0.18 8.47e-05
0.19 8.53e-05
0.20 8.6e-05
0.21 8.66e-05
0.22 8.73e-05
0.23 8.8e-05
0.24 8.86e-05
0.25 8.93e-05
0.26 9e-05
0.27 9.07e-05
0.28 9.14e-05
0.29 9.21e-05
0.30 9.28e-05
0.31 9.35e-05
0.32 9.42e-05
0.33 9.49e-05
0.34 9.56e-05
0.35 9.64e-05
0.36 9.71e-05
0.37 9.78e-05
0.38 9.86e-05
0.39 9.93e-05
0.40 0.0001
0.41 0.000101
0.42 0.000102
0.43 0.000102
0.44 0.000103
0.45 0.000104
0.46 0.000105
0.47 0.000106
0.48 0.000106
0.49 0.000107
0.50 0.000108
0.51 0.000109
0.52 0.00011
0.53 0.00011
0.54 0.000111
0.55 0.000112
0.56 0.000113
0.57 0.000114
0.58 0.000115
0.59 0.000116
0.60 0.000116
0.61 0.000117
0.62 0.000118
0.63 0.000119
0.64 0.00012
0.65 0.000121
0.66 0.000122
0.67 0.000123
0.68 0.000124
0.69 0.000125
0.70 0.000126
0.71 0.000127
0.72 0.000128
0.73 0.000129
0.74 0.00013
0.75 0.000131
0.76 0.000132
0.77 0.000133
0.78 0.000134
0.79 0.000135
0.80 0.000136
0.81 0.000137
0.82 0.000138
0.83 0.000139
0.84 0.00014
0.85 0.000141
0.86 0.000142
0.87 0.000143
0.88 0.000144
0.89 0.000145
0.90 0.000146
0.91 0.000148
0.92 0.000149
0.93 0.00015
0.94 0.000151
0.95 0.000152
0.96 0.000153
0.97 0.000154
0.98 0.000156
0.99 0.000157
1.00 0.000158
1.01 0.000159
1.02 0.00016
1.03 0.000162
1.04 0.000163
1.05 0.000164
1.06 0.000165
1.07 0.000167
1.08 0.000168
1.09 0.000169
1.10 0.00017
1.11 0.000172
1.12 0.000173
1.13 0.000174
1.14 0.000176
1.15 0.000177
1.16 0.000178
1.17 0.00018
1.18 0.000181
1.19 0.000182
1.20 0.000184
1.21 0.000185
1.22 0.000187
1.23 0.000188
1.24 0.000189
1.25 0.000191
1.26 0.000192
1.27 0.000194
1.28 0.000195
1.29 0.000197
1.30 0.000198
1.31 0.0002
1.32 0.000201
1.33 0.000203
1.34 0.000204
1.35 0.000206
1.36 0.000208
1.37 0.000209
1.38 0.000211
1.39 0.000212
1.40 0.000214
1.41 0.000216
1.42 0.000217
1.43 0.000219
1.44 0.000221
1.45 0.000222
1.46 0.000224
1.47 0.000226
1.48 0.000227
1.49 0.000229
1.50 0.000231
1.51 0.000233
1.52 0.000234
1.53 0.000236
1.54 0.000238
1.55 0.00024
1.56 0.000242
1.57 0.000243
1.58 0.000245
1.59 0.000247
1.60 0.000249
1.61 0.000251
1.62 0.000253
1.63 0.000255
1.64 0.000257
1.65 0.000259
1.66 0.000261
1.67 0.000263
1.68 0.000265
1.69 0.000267
1.70 0.000269
1.71 0.000271
1.72 0.000273
1.73 0.000275
1.74 0.000277
1.75 0.000279
1.76 0.000281
1.77 0.000283
1.78 0.000285
1.79 0.000288
1.80 0.00029
1.81 0.000292
1.82 0.000294
1.83 0.000297
1.84 0.000299
1.85 0.000301
1.86 0.000303
1.87 0.000306
1.88 0.000308
1.89 0.00031
1.90 0.000313
1.91 0.000315
1.92 0.000317
1.93 0.00032
1.94 0.000322
1.95 0.000325
1.96 0.000327
1.97 0.00033
1.98 0.000332
1.99 0.000335
2.00 0.000337
2.01 0.00034
2.02 0.000343
2.03 0.000345
2.04 0.000348
2.05 0.00035
2.06 0.000353
2.07 0.000356
2.08 0.000359
2.09 0.000361
2.10 0.000364
2.11 0.000367
2.12 0.00037
2.13 0.000372
2.14 0.000375
2.15 0.000378
2.16 0.000381
2.17 0.000384
2.18 0.000387
2.19 0.00039
2.20 0.000393
2.21 0.000396
2.22 0.000399
2.23 0.000402
2.24 0.000405
2.25 0.000408
2.26 0.000411
2.27 0.000414
2.28 0.000417
2.29 0.00042
2.30 0.000424
2.31 0.000427
2.32 0.00043
2.33 0.000433
2.34 0.000437
2.35 0.00044
2.36 0.000443
2.37 0.000447
2.38 0.00045
2.39 0.000454
2.40 0.000457
2.41 0.00046
2.42 0.000464
2.43 0.000468
2.44 0.000471
2.45 0.000475
2.46 0.000478
2.47 0.000482
2.48 0.000486
2.49 0.000489
2.50 0.000493
2.51 0.000497
2.52 0.000501
2.53 0.000504
2.54 0.000508
2.55 0.000512
2.56 0.000516
2.57 0.00052
2.58 0.000524
2.59 0.000528
2.60 0.000532
2.61 0.000536
2.62 0.00054
2.63 0.000544
2.64 0.000548
2.65 0.000553
2.66 0.000557
2.67 0.000561
2.68 0.000565
2.69 0.000569
2.70 0.000574
2.71 0.000578
2.72 0.000583
2.73 0.000587
2.74 0.000592
2.75 0.000596
2.76 0.000601
2.77 0.000605
2.78 0.00061
2.79 0.000614
2.80 0.000619
2.81 0.000624
2.82 0.000629
2.83 0.000633
2.84 0.000638
2.85 0.000643
2.86 0.000648
2.87 0.000653
2.88 0.000658
2.89 0.000663
2.90 0.000668
2.91 0.000673
2.92 0.000678
2.93 0.000683
2.94 0.000688
2.95 0.000694
2.96 0.000699
2.97 0.000704
2.98 0.00071
2.99 0.000715
3.00 0.00072
3.01 0.000726
3.02 0.000731
3.03 0.000737
3.04 0.000743
3.05 0.000748
3.06 0.000754
3.07 0.00076
3.08 0.000766
3.09 0.000771
3.10 0.000777
3.11 0.000783
3.12 0.000789
3.13 0.000795
3.14 0.000801
3.15 0.000807
3.16 0.000813
3.17 0.00082
3.18 0.000826
3.19 0.000832
3.20 0.000839
3.21 0.000845
3.22 0.000851
3.23 0.000858
3.24 0.000864
3.25 0.000871
3.26 0.000878
3.27 0.000884
3.28 0.000891
3.29 0.000898
3.30 0.000905
3.31 0.000912
3.32 0.000918
3.33 0.000925
3.34 0.000932
3.35 0.00094
3.36 0.000947
3.37 0.000954
3.38 0.000961
3.39 0.000969
3.40 0.000976
3.41 0.000983
3.42 0.000991
3.43 0.000998
3.44 0.00101
3.45 0.00101
3.46 0.00102
3.47 0.00103
3.48 0.00104
3.49 0.00105
3.50 0.00105
3.51 0.00106
3.52 0.00107
3.53 0.00108
3.54 0.00109
3.55 0.00109
3.56 0.0011
3.57 0.00111
3.58 0.00112
3.59 0.00113
3.60 0.00114
3.61 0.00114
3.62 0.00115
3.63 0.00116
3.64 0.00117
3.65 0.00118
3.66 0.00119
3.67 0.0012
3.68 0.00121
3.69 0.00122
3.70 0.00123
3.71 0.00124
3.72 0.00124
3.73 0.00125
3.74 0.00126
3.75 0.00127
3.76 0.00128
3.77 0.00129
3.78 0.0013
3.79 0.00131
3.80 0.00132
3.81 0.00133
3.82 0.00134
3.83 0.00135
3.84 0.00136
3.85 0.00137
3.86 0.00138
3.87 0.00139
3.88 0.00141
3.89 0.00142
3.90 0.00143
3.91 0.00144
3.92 0.00145
3.93 0.00146
3.94 0.00147
3.95 0.00148
3.96 0.00149
3.97 0.00151
3.98 0.00152
3.99 0.00153
4.00 0.00154
4.01 0.00155
4.02 0.00156
4.03 0.00158
4.04 0.00159
4.05 0.0016
4.06 0.00161
4.07 0.00162
4.08 0.00164
4.09 0.00165
4.10 0.00166
4.11 0.00167
4.12 0.00169
4.13 0.0017
4.14 0.00171
4.15 0.00173
4.16 0.00174
4.17 0.00175
4.18 0.00177
4.19 0.00178
4.20 0.00179
4.21 0.00181
4.22 0.00182
4.23 0.00183
4.24 0.00185
4.25 0.00186
4.26 0.00188
4.27 0.00189
4.28 0.00191
4.29 0.00192
4.30 0.00194
4.31 0.00195
4.32 0.00196
4.33 0.00198
4.34 0.00199
4.35 0.00201
4.36 0.00203
4.37 0.00204
4.38 0.00206
4.39 0.00207
4.40 0.00209
4.41 0.0021
4.42 0.00212
4.43 0.00214
4.44 0.00215
4.45 0.00217
4.46 0.00219
4.47 0.0022
4.48 0.00222
4.49 0.00224
4.50 0.00225
4.51 0.00227
4.52 0.00229
4.53 0.0023
4.54 0.00232
4.55 0.00234
4.56 0.00236
4.57 0.00238
4.58 0.00239
4.59 0.00241
4.60 0.00243
4.61 0.00245
4.62 0.00247
4.63 0.00249
4.64 0.00251
4.65 0.00253
4.66 0.00255
4.67 0.00257
4.68 0.00259
4.69 0.0026
4.70 0.00262
4.71 0.00264
4.72 0.00266
4.73 0.00268
4.74 0.0027
4.75 0.00272
4.76 0.00274
4.77 0.00276
4.78 0.00278
4.79 0.00281
4.80 0.00283
4.81 0.00286
4.82 0.00288
4.83 0.00291
4.84 0.00293
4.85 0.00296
4.86 0.00298
4.87 0.003
4.88 0.00302
4.89 0.00304
4.90 0.00306
4.91 0.00307
4.92 0.00313
4.93 0.00322
4.94 0.00331
4.95 0.00339
4.96 0.00345
4.97 0.00349
4.98 0.00354
4.99 0.00357
5.00 0.0036
5.01 0.00362
5.02 0.00363
5.03 0.00363
5.04 0.00363
5.05 0.00361
5.06 0.0036
5.07 0.00358
5.08 0.00356
5.09 0.00353
5.10 0.0035
5.11 0.00346
5.12 0.00343
5.13 0.0034
5.14 0.00338
5.15 0.00335
5.16 0.00332
5.17 0.00328
5.18 0.00325
5.19 0.00321
5.20 0.00318
5.21 0.00315
5.22 0.00312
5.23 0.00309
5.24 0.00306
5.25 0.00303
5.26 0.003
5.27 0.00298
5.28 0.00295
5.29 0.00292
5.30 0.0029
5.31 0.00288
5.32 0.00285
5.33 0.00283
5.34 0.00281
5.35 0.00279
5.36 0.00277
5.37 0.00275
5.38 0.00273
5.39 0.00271
5.40 0.00269
5.41 0.00267
5.42 0.00265
5.43 0.00264
5.44 0.00262
5.45 0.0026
5.46 0.00259
5.47 0.00257
5.48 0.00256
5.49 0.00254
5.50 0.00253
5.51 0.00252
5.52 0.0025
5.53 0.00249
5.54 0.00248
5.55 0.00247
5.56 0.00245
5.57 0.00244
5.58 0.00243
5.59 0.00242
5.60 0.00241
5.61 0.0024
5.62 0.00239
5.63 0.00238
5.64 0.00237
5.65 0.00237
5.66 0.00236
5.67 0.00235
5.68 0.00234
5.69 0.00233
5.70 0.00233
5.71 0.00232
5.72 0.00231
5.73 0.00231
5.74 0.0023
5.75 0.00229
5.76 0.00229
5.77 0.00228
5.78 0.00228
5.79 0.00227
5.80 0.00227
5.81 0.00226
5.82 0.00226
5.83 0.00225
5.84 0.00225
5.85 0.00225
5.86 0.00224
5.87 0.00224
5.88 0.00224
5.89 0.00223
5.90 0.00223
5.91 0.00223
5.92 0.00223
5.93 0.00222
5.94 0.00222
5.95 0.00222
5.96 0.00222
5.97 0.00222
5.98 0.00222
5.99 0.00222
6.00 0.00221
6.01 0.00221
6.02 0.00221
6.03 0.00221
6.04 0.00221
6.05 0.00221
6.06 0.00221
6.07 0.00221
6.08 0.00222
6.09 0.00222
6.10 0.00222
6.11 0.00222
6.12 0.00222
6.13 0.00222
6.14 0.00222
6.15 0.00222
6.16 0.00223
6.17 0.00223
6.18 0.00223
6.19 0.00223
6.20 0.00224
6.21 0.00224
6.22 0.00224
6.23 0.00224
6.24 0.00225
6.25 0.00225
6.26 0.00225
6.27 0.00226
6.28 0.00226
6.29 0.00226
6.30 0.00227
6.31 0.00227
6.32 0.00227
6.33 0.00228
6.34 0.00228
6.35 0.00228
6.36 0.00229
6.37 0.00229
6.38 0.00229
6.39 0.0023
6.40 0.0023
6.41 0.0023
6.42 0.00231
6.43 0.00231
6.44 0.00232
6.45 0.00232
6.46 0.00232
6.47 0.00232
6.48 0.00233
6.49 0.00233
6.50 0.00233
6.51 0.00233
6.52 0.00234
6.53 0.00234
6.54 0.00234
6.55 0.00234
6.56 0.00234
6.57 0.00234
6.58 0.00234
6.59 0.00234
6.60 0.00234
6.61 0.00234
6.62 0.00234
6.63 0.00234
6.64 0.00234
6.65 0.00234
6.66 0.00234
6.67 0.00234
6.68 0.00233
6.69 0.00233
6.70 0.00233
6.71 0.00232
6.72 0.00232
6.73 0.00231
6.74 0.00231
6.75 0.00231
6.76 0.0023
6.77 0.0023
6.78 0.00229
6.79 0.00228
6.80 0.00228
6.81 0.00227
6.82 0.00227
6.83 0.00226
6.84 0.00225
6.85 0.00224
6.86 0.00224
6.87 0.00223
6.88 0.00222
6.89 0.00221
6.90 0.00221
6.91 0.0022
6.92 0.00219
6.93 0.00218
6.94 0.00218
6.95 0.00217
6.96 0.00216
6.97 0.00215
6.98 0.00215
6.99 0.00214
7.00 0.00213
7.01 0.00212
7.02 0.00212
7.03 0.00211
7.04 0.0021
7.05 0.00209
7.06 0.00209
7.07 0.00208
7.08 0.00207
7.09 0.00207
7.10 0.00206
7.11 0.00206
7.12 0.00205
7.13 0.00204
7.14 0.00204
7.15 0.00203
7.16 0.00203
7.17 0.00202
7.18 0.00202
7.19 0.00201
7.20 0.00201
7.21 0.00201
7.22 0.002
7.23 0.002
7.24 0.00199
7.25 0.00199
7.26 0.00199
7.27 0.00198
7.28 0.00198
7.29 0.00198
7.30 0.00198
7.31 0.00197
7.32 0.00197
7.33 0.00197
7.34 0.00197
7.35 0.00197
7.36 0.00197
7.37 0.00196
7.38 0.00196
7.39 0.00196
7.40 0.00196
7.41 0.00196
7.42 0.00196
7.43 0.00196
7.44 0.00196
7.45 0.00196
7.46 0.00196
7.47 0.00196
7.48 0.00196
7.49 0.00197
7.50 0.00197
7.51 0.00197
7.52 0.00197
7.53 0.00197
7.54 0.00197
7.55 0.00198
7.56 0.00198
7.57 0.00198
7.58 0.00198
7.59 0.00199
7.60 0.00199
7.61 0.00199
7.62 0.002
7.63 0.002
7.64 0.002
7.65 0.00201
7.66 0.00201
7.67 0.00202
7.68 0.00202
7.69 0.00203
7.70 0.00203
7.71 0.00204
7.72 0.00204
7.73 0.00205
7.74 0.00205
7.75 0.00206
7.76 0.00206
7.77 0.00207
7.78 0.00207
7.79 0.00208
7.80 0.00209
7.81 0.00209
7.82 0.0021
7.83 0.00211
7.84 0.00211
7.85 0.00212
7.86 0.00213
7.87 0.00213
7.88 0.00214
7.89 0.00215
7.90 0.00216
7.91 0.00217
7.92 0.00217
7.93 0.00218
7.94 0.00219
7.95 0.0022
7.96 0.00221
7.97 0.00222
7.98 0.00223
7.99 0.00224
8.00 0.00224
8.01 0.00225
8.02 0.00226
8.03 0.00227
8.04 0.00228
8.05 0.00229
8.06 0.0023
8.07 0.00231
8.08 0.00232
8.09 0.00233
8.10 0.00234
8.11 0.00236
8.12 0.00237
8.13 0.00238
8.14 0.00239
8.15 0.0024
8.16 0.00241
8.17 0.00242
8.18 0.00244
8.19 0.00245
8.20 0.00246
8.21 0.00247
8.22 0.00248
8.23 0.0025
8.24 0.00251
8.25 0.00252
8.26 0.00254
8.27 0.00255
8.28 0.00256
8.29 0.00258
8.30 0.00259
8.31 0.0026
8.32 0.00262
8.33 0.00263
8.34 0.00265
8.35 0.00266
8.36 0.00268
8.37 0.00269
8.38 0.00271
8.39 0.00272
8.40 0.00273
8.41 0.00275
8.42 0.00277
8.43 0.00278
8.44 0.0028
8.45 0.00281
8.46 0.00283
8.47 0.00284
8.48 0.00286
8.49 0.00288
8.50 0.00289
8.51 0.00291
8.52 0.00293
8.53 0.00294
8.54 0.00296
8.55 0.00298
8.56 0.003
8.57 0.00301
8.58 0.00303
8.59 0.00305
8.60 0.00307
8.61 0.00309
8.62 0.0031
8.63 0.00312
8.64 0.00314
8.65 0.00316
8.66 0.00318
8.67 0.0032
8.68 0.00322
8.69 0.00324
8.70 0.00325
8.71 0.00327
8.72 0.00329
8.73 0.00331
8.74 0.00333
8.75 0.00335
8.76 0.00337
8.77 0.00339
8.78 0.00341
8.79 0.00343
8.80 0.00346
8.81 0.00348
8.82 0.0035
8.83 0.00352
8.84 0.00354
8.85 0.00356
8.86 0.00358
8.87 0.0036
8.88 0.00363
8.89 0.00365
8.90 0.00367
8.91 0.00369
8.92 0.00371
8.93 0.00373
8.94 0.00376
8.95 0.00378
8.96 0.0038
8.97 0.00383
8.98 0.00385
8.99 0.00387
9.00 0.00389
9.01 0.00392
9.02 0.00394
9.03 0.00396
9.04 0.00399
9.05 0.00401
9.06 0.00403
9.07 0.00406
9.08 0.00408
9.09 0.0041
9.10 0.00413
9.11 0.00415
9.12 0.00418
9.13 0.0042
9.14 0.00423
9.15 0.00425
9.16 0.00427
9.17 0.0043
9.18 0.00432
9.19 0.00435
9.20 0.00437
9.21 0.0044
9.22 0.00442
9.23 0.00445
9.24 0.00447
9.25 0.0045
9.26 0.00452
9.27 0.00455
9.28 0.00457
9.29 0.0046
9.30 0.00463
9.31 0.00465
9.32 0.00468
9.33 0.0047
9.34 0.00473
9.35 0.00475
9.36 0.00478
9.37 0.00481
9.38 0.00483
9.39 0.00486
9.40 0.00489
9.41 0.00491
9.42 0.00494
9.43 0.00496
9.44 0.00499
9.45 0.00501
9.46 0.00504
9.47 0.00507
9.48 0.00509
9.49 0.00512
9.50 0.00515
9.51 0.00518
9.52 0.0052
9.53 0.00523
9.54 0.00525
9.55 0.00528
9.56 0.0053
9.57 0.00533
9.58 0.00536
9.59 0.00538
9.60 0.00541
9.61 0.00544
9.62 0.00547
9.63 0.00549
9.64 0.00552
9.65 0.00554
9.66 0.00557
9.67 0.0056
9.68 0.00562
9.69 0.00565
9.70 0.00567
9.71 0.0057
9.72 0.00573
9.73 0.00575
9.74 0.00578
9.75 0.00581
9.76 0.00583
9.77 0.00586
9.78 0.00589
9.79 0.00591
9.80 0.00594
9.81 0.00596
9.82 0.00599
9.83 0.00601
9.84 0.00604
9.85 0.00606
9.86 0.00609
9.87 0.00612
9.88 0.00614
9.89 0.00617
9.90 0.00619
9.91 0.00622
9.92 0.00624
9.93 0.00627
9.94 0.00629
9.95 0.00632
9.96 0.00634
9.97 0.00637
9.98 0.00639
9.99 0.00642
10.00 0.00645
10.01 0.00647
10.02 0.0065
10.03 0.00652
10.04 0.00654
10.05 0.00656
10.06 0.00658
10.07 0.0066
10.08 0.00662
10.09 0.00665
10.10 0.00667
10.11 0.0067
10.12 0.00673
10.13 0.00676
10.14 0.00678
10.15 0.0068
10.16 0.00682
10.17 0.00684
10.18 0.00686
10.19 0.00688
10.20 0.0069
10.21 0.00693
10.22 0.00695
10.23 0.00698
10.24 0.007
10.25 0.00703
10.26 0.00704
10.27 0.00706
10.28 0.00708
10.29 0.0071
10.30 0.00712
10.31 0.00714
10.32 0.00716
10.33 0.00718
10.34 0.0072
10.35 0.00722
10.36 0.00723
10.37 0.00725
10.38 0.00727
10.39 0.00729
10.40 0.00731
10.41 0.00733
10.42 0.00736
10.43 0.00738
10.44 0.0074
10.45 0.00741
10.46 0.00743
10.47 0.00744
10.48 0.00746
10.49 0.00748
10.50 0.00749
10.51 0.00751
10.52 0.00753
10.53 0.00754
10.54 0.00756
10.55 0.00757
10.56 0.00759
10.57 0.0076
10.58 0.00762
10.59 0.00763
10.60 0.00765
10.61 0.00766
10.62 0.00767
10.63 0.00769
10.64 0.0077
10.65 0.00771
10.66 0.00773
10.67 0.00774
10.68 0.00775
10.69 0.00777
10.70 0.00778
10.71 0.00779
10.72 0.0078
10.73 0.00781
10.74 0.00782
10.75 0.00784
10.76 0.00785
10.77 0.00786
10.78 0.00788
10.79 0.00789
10.80 0.0079
10.81 0.0079
10.82 0.00791
10.83 0.00792
10.84 0.00793
10.85 0.00794
10.86 0.00794
10.87 0.00795
10.88 0.00796
10.89 0.00797
10.90 0.00797
10.91 0.00798
10.92 0.00799
10.93 0.00799
10.94 0.008
10.95 0.008
10.96 0.00801
10.97 0.00801
10.98 0.00802
10.99 0.00802
11.00 0.00802
11.01 0.00802
11.02 0.00803
11.03 0.00803
11.04 0.00803
11.05 0.00804
11.06 0.00804
11.07 0.00804
11.08 0.00804
11.09 0.00804
11.10 0.00804
11.11 0.00804
11.12 0.00804
11.13 0.00804
11.14 0.00804
11.15 0.00804
11.16 0.00804
11.17 0.00804
11.18 0.00804
11.19 0.00803
11.20 0.00803
11.21 0.00803
11.22 0.00803
11.23 0.00802
11.24 0.00802
11.25 0.00801
11.26 0.00801
11.27 0.008
11.28 0.008
11.29 0.00799
11.30 0.00799
11.31 0.00798
11.32 0.00797
11.33 0.00797
11.34 0.00796
11.35 0.00795
11.36 0.00794
11.37 0.00793
11.38 0.00792
11.39 0.00791
11.40 0.0079
11.41 0.00789
11.42 0.00788
11.43 0.00787
11.44 0.00786
11.45 0.00785
11.46 0.00784
11.47 0.00783
11.48 0.00782
11.49 0.00781
11.50 0.0078
11.51 0.00778
11.52 0.00777
11.53 0.00776
11.54 0.00774
11.55 0.00772
11.56 0.00771
11.57 0.00769
11.58 0.00768
11.59 0.00766
11.60 0.00764
11.61 0.00762
11.62 0.00761
11.63 0.00759
11.64 0.00757
11.65 0.00755
11.66 0.00753
11.67 0.00751
11.68 0.00749
11.69 0.00747
11.70 0.00745
11.71 0.00743
11.72 0.0074
11.73 0.00738
11.74 0.00736
11.75 0.00734
11.76 0.00732
11.77 0.0073
11.78 0.00728
11.79 0.00726
11.80 0.00724
11.81 0.00722
11.82 0.00719
11.83 0.00716
11.84 0.00714
11.85 0.00711
11.86 0.00708
11.87 0.00706
11.88 0.00703
11.89 0.007
11.90 0.00697
11.91 0.00694
11.92 0.00692
11.93 0.00689
11.94 0.00686
11.95 0.00683
11.96 0.0068
11.97 0.00677
11.98 0.00674
11.99 0.00671
12.00 0.00668
12.01 0.00665
12.02 0.00662
12.03 0.0066
12.04 0.00657
12.05 0.00654
12.06 0.00652
12.07 0.00649
12.08 0.00647
12.09 0.00644
12.10 0.00641
12.11 0.00639
12.12 0.00637
12.13 0.00634
12.14 0.00632
12.15 0.00629
12.16 0.00627
12.17 0.00625
12.18 0.00623
12.19 0.0062
12.20 0.00618
12.21 0.00616
12.22 0.00614
12.23 0.00611
12.24 0.00609
12.25 0.00607
12.26 0.00605
12.27 0.00603
12.28 0.00601
12.29 0.00599
12.30 0.00597
12.31 0.00595
12.32 0.00593
12.33 0.00591
12.34 0.00589
12.35 0.00588
12.36 0.00586
12.37 0.00584
12.38 0.00582
12.39 0.0058
12.40 0.00579
12.41 0.00577
12.42 0.00575
12.43 0.00573
12.44 0.00572
12.45 0.0057
12.46 0.00568
12.47 0.00567
12.48 0.00565
12.49 0.00563
12.50 0.00562
12.51 0.0056
12.52 0.00559
12.53 0.00557
12.54 0.00556
12.55 0.00554
12.56 0.00553
12.57 0.00551
12.58 0.0055
12.59 0.00548
12.60 0.00547
12.61 0.00545
12.62 0.00544
12.63 0.00543
12.64 0.00541
12.65 0.0054
12.66 0.00538
12.67 0.00537
12.68 0.00536
12.69 0.00534
12.70 0.00533
12.71 0.00532
12.72 0.00531
12.73 0.00529
12.74 0.00528
12.75 0.00527
12.76 0.00526
12.77 0.00524
12.78 0.00523
12.79 0.00522
12.80 0.00521
12.81 0.0052
12.82 0.00518
12.83 0.00517
12.84 0.00516
12.85 0.00515
12.86 0.00514
12.87 0.00513
12.88 0.00511
12.89 0.0051
12.90 0.00509
12.91 0.00508
12.92 0.00507
12.93 0.00506
12.94 0.00505
12.95 0.00504
12.96 0.00503
12.97 0.00502
12.98 0.00501
12.99 0.005
13.00 0.00499
13.01 0.00498
13.02 0.00497
13.03 0.00496
13.04 0.00495
13.05 0.00494
13.06 0.00493
13.07 0.00492
13.08 0.00491
13.09 0.0049
13.10 0.00489
13.11 0.00488
13.12 0.00487
13.13 0.00486
13.14 0.00485
13.15 0.00484
13.16 0.00483
13.17 0.00482
13.18 0.00481
13.19 0.0048
13.20 0.00479
13.21 0.00478
13.22 0.00477
13.23 0.00476
13.24 0.00476
13.25 0.00475
13.26 0.00474
13.27 0.00473
13.28 0.00472
13.29 0.00471
13.30 0.0047
13.31 0.00469
13.32 0.00468
13.33 0.00467
13.34 0.00466
13.35 0.00466
13.36 0.00465
13.37 0.00464
13.38 0.00463
13.39 0.00462
13.40 0.00461
13.41 0.0046
13.42 0.00459
13.43 0.00458
13.44 0.00458
13.45 0.00457
13.46 0.00456
13.47 0.00455
13.48 0.00454
13.49 0.00453
13.50 0.00452
13.51 0.00451
13.52 0.0045
13.53 0.0045
13.54 0.00449
13.55 0.00448
13.56 0.00447
13.57 0.00446
13.58 0.00445
13.59 0.00444
13.60 0.00443
13.61 0.00442
13.62 0.00442
13.63 0.00441
13.64 0.0044
13.65 0.00439
13.66 0.00438
13.67 0.00437
13.68 0.00436
13.69 0.00435
13.70 0.00434
13.71 0.00433
13.72 0.00433
13.73 0.00432
13.74 0.00431
13.75 0.0043
13.76 0.00429
13.77 0.00428
13.78 0.00427
13.79 0.00426
13.80 0.00425
13.81 0.00424
13.82 0.00423
13.83 0.00422
13.84 0.00421
13.85 0.0042
13.86 0.00419
13.87 0.00418
13.88 0.00417
13.89 0.00416
13.90 0.00415
13.91 0.00415
13.92 0.00414
13.93 0.00413
13.94 0.00412
13.95 0.00411
13.96 0.0041
13.97 0.00409
13.98 0.00408
13.99 0.00407
14.00 0.00406
14.01 0.00405
14.02 0.00404
14.03 0.00403
14.04 0.00401
14.05 0.004
14.06 0.00399
14.07 0.00398
14.08 0.00397
14.09 0.00396
14.10 0.00395
14.11 0.00394
14.12 0.00393
14.13 0.00392
14.14 0.00391
14.15 0.0039
14.16 0.00389
14.17 0.00388
14.18 0.00387
14.19 0.00385
14.20 0.00384
14.21 0.00383
14.22 0.00382
14.23 0.00381
14.24 0.0038
14.25 0.00379
14.26 0.00377
14.27 0.00376
14.28 0.00375
14.29 0.00374
14.30 0.00373
14.31 0.00372
14.32 0.00371
14.33 0.00369
14.34 0.00368
14.35 0.00367
14.36 0.00366
14.37 0.00364
14.38 0.00363
14.39 0.00362
14.40 0.00361
14.41 0.0036
14.42 0.00358
14.43 0.00357
14.44 0.00356
14.45 0.00355
14.46 0.00353
14.47 0.00352
14.48 0.00351
14.49 0.0035
14.50 0.00348
14.51 0.00347
14.52 0.00346
14.53 0.00344
14.54 0.00343
14.55 0.00342
14.56 0.0034
14.57 0.00339
14.58 0.00338
14.59 0.00336
14.60 0.00335
14.61 0.00334
14.62 0.00332
14.63 0.00331
14.64 0.0033
14.65 0.00328
14.66 0.00327
14.67 0.00326
14.68 0.00324
14.69 0.00323
14.70 0.00321
14.71 0.0032
14.72 0.00319
14.73 0.00317
14.74 0.00316
14.75 0.00314
14.76 0.00313
14.77 0.00311
14.78 0.0031
14.79 0.00309
14.80 0.00307
14.81 0.00306
14.82 0.00304
14.83 0.00303
14.84 0.00301
14.85 0.003
14.86 0.00298
14.87 0.00297
14.88 0.00295
14.89 0.00294
14.90 0.00292
14.91 0.00291
14.92 0.00289
14.93 0.00288
14.94 0.00286
14.95 0.00285
14.96 0.00283
14.97 0.00282
14.98 0.0028
14.99 0.00279
15.00 0.00277
15.01 0.00276
15.02 0.00274
15.03 0.00273
15.04 0.00271
15.05 0.00269
15.06 0.00268
15.07 0.00266
15.08 0.00265
15.09 0.00263
15.10 0.00262
15.11 0.0026
15.12 0.00258
15.13 0.00257
15.14 0.00255
15.15 0.00254
15.16 0.00252
15.17 0.00251
15.18 0.00249
15.19 0.00247
15.20 0.00246
15.21 0.00244
15.22 0.00243
15.23 0.00241
15.24 0.00239
15.25 0.00238
15.26 0.00236
15.27 0.00235
15.28 0.00233
15.29 0.00231
15.30 0.0023
15.31 0.00228
15.32 0.00226
15.33 0.00225
15.34 0.00223
15.35 0.00222
15.36 0.0022
15.37 0.00218
15.38 0.00217
15.39 0.00215
15.40 0.00214
15.41 0.00212
15.42 0.0021
15.43 0.00209
15.44 0.00207
15.45 0.00206
15.46 0.00204
15.47 0.00202
15.48 0.00201
15.49 0.00199
15.50 0.00198
15.51 0.00196
15.52 0.00194
15.53 0.00193
15.54 0.00191
15.55 0.0019
15.56 0.00188
15.57 0.00186
15.58 0.00185
15.59 0.00183
15.60 0.00182
15.61 0.0018
15.62 0.00178
15.63 0.00177
15.64 0.00175
15.65 0.00174
15.66 0.00172
15.67 0.00171
15.68 0.00169
15.69 0.00168
15.70 0.00166
15.71 0.00164
15.72 0.00163
15.73 0.00161
15.74 0.0016
15.75 0.00159
15.76 0.00157
15.77 0.00156
15.78 0.00154
15.79 0.00153
15.80 0.00151
15.81 0.0015
15.82 0.00149
15.83 0.00147
15.84 0.00146
15.85 0.00144
15.86 0.00143
15.87 0.00142
15.88 0.00141
15.89 0.00139
15.90 0.00138
15.91 0.00137
15.92 0.00135
15.93 0.00134
15.94 0.00133
15.95 0.00132
15.96 0.00131
15.97 0.00129
15.98 0.00128
15.99 0.00127
16.00 0.00126
16.01 0.00125
16.02 0.00124
16.03 0.00123
16.04 0.00121
16.05 0.0012
16.06 0.00119
16.07 0.00118
16.08 0.00117
16.09 0.00116
16.10 0.00115
16.11 0.00114
16.12 0.00113
16.13 0.00112
16.14 0.00111
16.15 0.00111
16.16 0.0011
16.17 0.00109
16.18 0.00108
16.19 0.00107
16.20 0.00106
16.21 0.00105
16.22 0.00105
16.23 0.00104
16.24 0.00103
16.25 0.00102
16.26 0.00102
16.27 0.00101
16.28 0.001
16.29 0.000994
16.30 0.000988
16.31 0.000981
16.32 0.000975
16.33 0.000968
16.34 0.000962
16.35 0.000956
16.36 0.00095
16.37 0.000944
16.38 0.000939
16.39 0.000933
16.40 0.000928
16.41 0.000923
16.42 0.000918
16.43 0.000913
16.44 0.000909
16.45 0.000904
16.46 0.0009
16.47 0.000896
16.48 0.000892
16.49 0.000888
16.50 0.000884
16.51 0.00088
16.52 0.000877
16.53 0.000874
16.54 0.00087
16.55 0.000867
16.56 0.000865
16.57 0.000862
16.58 0.000859
16.59 0.000857
16.60 0.000855
16.61 0.000852
16.62 0.00085
16.63 0.000849
16.64 0.000847
16.65 0.000846
16.66 0.000844
16.67 0.000843
16.68 0.000842
16.69 0.000841
16.70 0.00084
16.71 0.000839
16.72 0.000839
16.73 0.000838
16.74 0.000838
16.75 0.000838
16.76 0.000838
16.77 0.000838
16.78 0.000838
16.79 0.000838
16.80 0.000839
16.81 0.000839
16.82 0.000839
16.83 0.00084
16.84 0.000841
16.85 0.000841
16.86 0.000842
16.87 0.000843
16.88 0.000844
16.89 0.000845
16.90 0.000846
16.91 0.000847
16.92 0.000848
16.93 0.00085
16.94 0.000851
16.95 0.000852
16.96 0.000854
16.97 0.000855
16.98 0.000856
16.99 0.000858
17.00 0.000859
17.01 0.000861
17.02 0.000863
17.03 0.000864
17.04 0.000866
17.05 0.000867
17.06 0.000869
17.07 0.00087
17.08 0.000872
17.09 0.000874
17.10 0.000875
17.11 0.000877
17.12 0.000878
17.13 0.00088
17.14 0.000881
17.15 0.000883
17.16 0.000884
17.17 0.000886
17.18 0.000887
17.19 0.000888
17.20 0.00089
17.21 0.000891
17.22 0.000892
17.23 0.000893
17.24 0.000894
17.25 0.000895
17.26 0.000896
17.27 0.000897
17.28 0.000898
17.29 0.000899
17.30 0.000899
17.31 0.0009
17.32 0.0009
17.33 0.0009
17.34 0.000901
17.35 0.000901
17.36 0.000901
17.37 0.000901
17.38 0.0009
17.39 0.0009
17.40 0.000899
17.41 0.000899
17.42 0.000898
17.43 0.000897
17.44 0.000896
17.45 0.000895
17.46 0.000894
17.47 0.000892
17.48 0.000891
17.49 0.000889
17.50 0.000887
17.51 0.000885
17.52 0.000883
17.53 0.000881
17.54 0.000879
17.55 0.000876
17.56 0.000874
17.57 0.000872
17.58 0.000869
17.59 0.000866
17.60 0.000864
17.61 0.000861
17.62 0.000858
17.63 0.000855
17.64 0.000852
17.65 0.000849
17.66 0.000846
17.67 0.000843
17.68 0.000839
17.69 0.000836
17.70 0.000833
17.71 0.00083
17.72 0.000827
17.73 0.000823
17.74 0.00082
17.75 0.000817
17.76 0.000813
17.77 0.00081
17.78 0.000807
17.79 0.000803
17.80 0.0008
17.81 0.000797
17.82 0.000794
17.83 0.00079
17.84 0.000787
17.85 0.000784
17.86 0.000781
17.87 0.000778
17.88 0.000775
17.89 0.000772
17.90 0.000769
17.91 0.000766
17.92 0.000763
17.93 0.00076
17.94 0.000758
17.95 0.000755
17.96 0.000752
17.97 0.00075
17.98 0.000747
17.99 0.000745
18.00 0.000742
18.01 0.00074
18.02 0.000738
18.03 0.000736
18.04 0.000734
18.05 0.000732
18.06 0.00073
18.07 0.000728
18.08 0.000726
18.09 0.000725
18.10 0.000723
18.11 0.000722
18.12 0.00072
18.13 0.000719
18.14 0.000718
18.15 0.000717
18.16 0.000716
18.17 0.000715
18.18 0.000714
18.19 0.000714
18.20 0.000713
18.21 0.000713
18.22 0.000712
18.23 0.000712
18.24 0.000712
18.25 0.000712
18.26 0.000712
18.27 0.000712
18.28 0.000712
18.29 0.000712
18.30 0.000712
18.31 0.000712
18.32 0.000712
18.33 0.000713
18.34 0.000713
18.35 0.000714
18.36 0.000714
18.37 0.000715
18.38 0.000715
18.39 0.000716
18.40 0.000717
18.41 0.000717
18.42 0.000718
18.43 0.000719
18.44 0.00072
18.45 0.00072
18.46 0.000721
18.47 0.000722
18.48 0.000723
18.49 0.000724
18.50 0.000725
18.51 0.000726
18.52 0.000727
18.53 0.000728
18.54 0.000729
18.55 0.00073
18.56 0.000731
18.57 0.000732
18.58 0.000733
18.59 0.000734
18.60 0.000735
18.61 0.000735
18.62 0.000736
18.63 0.000737
18.64 0.000738
18.65 0.000739
18.66 0.00074
18.67 0.000741
18.68 0.000741
18.69 0.000742
18.70 0.000743
18.71 0.000743
18.72 0.000744
18.73 0.000744
18.74 0.000745
18.75 0.000745
18.76 0.000746
18.77 0.000746
18.78 0.000746
18.79 0.000746
18.80 0.000746
18.81 0.000746
18.82 0.000745
18.83 0.000745
18.84 0.000745
18.85 0.000744
18.86 0.000743
18.87 0.000742
18.88 0.000741
18.89 0.00074
18.90 0.000739
18.91 0.000738
18.92 0.000736
18.93 0.000734
18.94 0.000732
18.95 0.00073
18.96 0.000728
18.97 0.000726
18.98 0.000724
18.99 0.000721
19.00 0.000718
19.01 0.000715
19.02 0.000712
19.03 0.000709
19.04 0.000705
19.05 0.000701
19.06 0.000698
19.07 0.000693
19.08 0.000689
19.09 0.000685
19.10 0.00068
19.11 0.000675
19.12 0.00067
19.13 0.000665
19.14 0.00066
19.15 0.000655
19.16 0.000649
19.17 0.000644
19.18 0.000638
19.19 0.000632
19.20 0.000626
19.21 0.000621
19.22 0.000615
19.23 0.000609
19.24 0.000603
19.25 0.000597
19.26 0.000591
19.27 0.000585
19.28 0.000579
19.29 0.000573
19.30 0.000567
19.31 0.000562
19.32 0.000556
19.33 0.000551
19.34 0.000545
19.35 0.00054
19.36 0.000534
19.37 0.000529
19.38 0.000524
19.39 0.000519
19.40 0.000514
19.41 0.000509
19.42 0.000504
19.43 0.000499
19.44 0.000495
19.45 0.00049
19.46 0.000486
19.47 0.000482
19.48 0.000478
19.49 0.000474
19.50 0.00047
19.51 0.000466
19.52 0.000463
19.53 0.000459
19.54 0.000456
19.55 0.000453
19.56 0.00045
19.57 0.000447
19.58 0.000445
19.59 0.000443
19.60 0.00044
19.61 0.000438
19.62 0.000436
19.63 0.000435
19.64 0.000433
19.65 0.000432
19.66 0.000431
19.67 0.000429
19.68 0.000428
19.69 0.000428
19.70 0.000427
19.71 0.000426
19.72 0.000426
19.73 0.000425
19.74 0.000425
19.75 0.000425
19.76 0.000425
19.77 0.000425
19.78 0.000425
19.79 0.000425
19.80 0.000425
19.81 0.000426
19.82 0.000426
19.83 0.000427
19.84 0.000427
19.85 0.000428
19.86 0.000429
19.87 0.000429
19.88 0.00043
19.89 0.000431
19.90 0.000432
19.91 0.000433
19.92 0.000434
19.93 0.000435
19.94 0.000436
19.95 0.000437
19.96 0.000439
19.97 0.00044
19.98 0.000441
19.99 0.000442
20.00 0.000443
20.01 0.000445
20.02 0.000446
20.03 0.000447
20.04 0.000448
20.05 0.00045
20.06 0.000451
20.07 0.000452
20.08 0.000453
20.09 0.000454
20.10 0.000456
20.11 0.000457
20.12 0.000458
20.13 0.000459
20.14 0.00046
20.15 0.000461
20.16 0.000462
20.17 0.000462
20.18 0.000463
20.19 0.000464
20.20 0.000464
20.21 0.000465
20.22 0.000465
20.23 0.000466
20.24 0.000466
20.25 0.000467
20.26 0.000467
20.27 0.000467
20.28 0.000468
20.29 0.000468
20.30 0.000468
20.31 0.000469
20.32 0.000469
20.33 0.000469
20.34 0.000469
20.35 0.000469
20.36 0.000469
20.37 0.000469
20.38 0.00047
20.39 0.00047
20.40 0.00047
20.41 0.00047
20.42 0.00047
20.43 0.00047
20.44 0.00047
20.45 0.00047
20.46 0.000471
20.47 0.000471
20.48 0.000471
20.49 0.000471
20.50 0.000472
20.51 0.000472
20.52 0.000472
20.53 0.000473
20.54 0.000473
20.55 0.000473
20.56 0.000474
20.57 0.000474
20.58 0.000475
20.59 0.000475
20.60 0.000476
20.61 0.000477
20.62 0.000478
20.63 0.000478
20.64 0.000479
20.65 0.00048
20.66 0.000481
20.67 0.000482
20.68 0.000484
20.69 0.000485
20.70 0.000486
20.71 0.000488
20.72 0.000489
20.73 0.000491
20.74 0.000492
20.75 0.000494
20.76 0.000496
20.77 0.000498
20.78 0.0005
20.79 0.000502
20.80 0.000505
20.81 0.000507
20.82 0.00051
20.83 0.000513
20.84 0.000516
20.85 0.000519
20.86 0.000522
20.87 0.000525
20.88 0.000528
20.89 0.000532
20.90 0.000535
20.91 0.000539
20.92 0.000543
20.93 0.000547
20.94 0.00055
20.95 0.000554
20.96 0.000558
20.97 0.000562
20.98 0.000566
20.99 0.00057
21.00 0.000574
21.01 0.000578
21.02 0.000582
21.03 0.000586
21.04 0.000589
21.05 0.000593
21.06 0.000597
21.07 0.0006
21.08 0.000603
21.09 0.000607
21.10 0.00061
21.11 0.000612
21.12 0.000615
21.13 0.000618
21.14 0.00062
21.15 0.000622
21.16 0.000624
21.17 0.000625
21.18 0.000627
21.19 0.000628
21.20 0.000628
21.21 0.000629
21.22 0.000629
21.23 0.000628
21.24 0.000628
21.25 0.000627
21.26 0.000625
21.27 0.000623
21.28 0.000621
21.29 0.000619
21.30 0.000616
21.31 0.000612
21.32 0.000608
21.33 0.000604
21.34 0.000599
21.35 0.000594
21.36 0.000588
21.37 0.000583
21.38 0.000576
21.39 0.00057
21.40 0.000563
21.41 0.000556
21.42 0.000548
21.43 0.000541
21.44 0.000533
21.45 0.000525
21.46 0.000517
21.47 0.000509
21.48 0.0005
21.49 0.000492
21.50 0.000483
21.51 0.000475
21.52 0.000466
21.53 0.000457
21.54 0.000448
21.55 0.00044
21.56 0.000431
21.57 0.000422
21.58 0.000414
21.59 0.000405
21.60 0.000397
21.61 0.000388
21.62 0.00038
21.63 0.000372
21.64 0.000364
21.65 0.000356
21.66 0.000348
21.67 0.00034
21.68 0.000333
21.69 0.000325
21.70 0.000318
21.71 0.000311
21.72 0.000304
21.73 0.000297
21.74 0.00029
21.75 0.000284
21.76 0.000278
21.77 0.000271
21.78 0.000265
21.79 0.000259
21.80 0.000254
21.81 0.000248
21.82 0.000243
21.83 0.000238
21.84 0.000232
21.85 0.000228
21.86 0.000223
21.87 0.000218
21.88 0.000214
21.89 0.00021
21.90 0.000205
21.91 0.000201
21.92 0.000198
21.93 0.000194
21.94 0.00019
21.95 0.000187
21.96 0.000184
21.97 0.000181
21.98 0.000178
21.99 0.000175
22.00 0.000172
22.01 0.00017
22.02 0.000167
22.03 0.000165
22.04 0.000163
22.05 0.000161
22.06 0.000159
22.07 0.000157
22.08 0.000155
22.09 0.000154
22.10 0.000152
22.11 0.000151
22.12 0.000149
22.13 0.000148
22.14 0.000147
22.15 0.000146
22.16 0.000145
22.17 0.000144
22.18 0.000143
22.19 0.000143
22.20 0.000142
22.21 0.000141
22.22 0.000141
22.23 0.00014
22.24 0.00014
22.25 0.00014
22.26 0.000139
22.27 0.000139
22.28 0.000139
22.29 0.000139
22.30 0.000139
22.31 0.000139
22.32 0.000139
22.33 0.000139
22.34 0.000139
22.35 0.00014
22.36 0.00014
22.37 0.000141
22.38 0.000141
22.39 0.000142
22.40 0.000142
22.41 0.000143
22.42 0.000143
22.43 0.000144
22.44 0.000145
22.45 0.000146
22.46 0.000147
22.47 0.000148
22.48 0.000149
22.49 0.00015
22.50 0.000151
22.51 0.000152
22.52 0.000153
22.53 0.000155
22.54 0.000156
22.55 0.000158
22.56 0.000159
22.57 0.000161
22.58 0.000162
22.59 0.000164
22.60 0.000166
22.61 0.000168
22.62 0.000169
22.63 0.000171
22.64 0.000173
22.65 0.000176
22.66 0.000178
22.67 0.00018
22.68 0.000182
22.69 0.000185
22.70 0.000187
22.71 0.00019
22.72 0.000192
22.73 0.000195
22.74 0.000197
22.75 0.0002
22.76 0.000203
22.77 0.000206
22.78 0.000209
22.79 0.000212
22.80 0.000216
22.81 0.000219
22.82 0.000222
22.83 0.000226
22.84 0.000229
22.85 0.000233
22.86 0.000237
22.87 0.000241
22.88 0.000245
22.89 0.000249
22.90 0.000253
22.91 0.000257
22.92 0.000261
22.93 0.000266
22.94 0.00027
22.95 0.000275
22.96 0.000279
22.97 0.000284
22.98 0.000289
22.99 0.000294
23.00 0.000299
23.01 0.000305
23.02 0.00031
23.03 0.000315
23.04 0.000321
23.05 0.000327
23.06 0.000332
23.07 0.000338
23.08 0.000344
23.09 0.00035
23.10 0.000356
23.11 0.000363
23.12 0.000369
23.13 0.000376
23.14 0.000382
23.15 0.000389
23.16 0.000396
23.17 0.000402
23.18 0.000409
23.19 0.000416
23.20 0.000424
23.21 0.000431
23.22 0.000438
23.23 0.000445
23.24 0.000453
23.25 0.00046
23.26 0.000468
23.27 0.000475
23.28 0.000483
23.29 0.000491
23.30 0.000499
23.31 0.000506
23.32 0.000514
23.33 0.000522
23.34 0.00053
23.35 0.000538
23.36 0.000546
23.37 0.000554
23.38 0.000562
23.39 0.00057
23.40 0.000577
23.41 0.000585
23.42 0.000593
23.43 0.000601
23.44 0.000609
23.45 0.000616
23.46 0.000624
23.47 0.000631
23.48 0.000639
23.49 0.000646
23.50 0.000653
23.51 0.00066
23.52 0.000667
23.53 0.000674
23.54 0.000681
23.55 0.000687
23.56 0.000694
23.57 0.0007
23.58 0.000706
23.59 0.000712
23.60 0.000717
23.61 0.000722
23.62 0.000727
23.63 0.000732
23.64 0.000737
23.65 0.000741
23.66 0.000746
23.67 0.00075
23.68 0.000754
23.69 0.000757
23.70 0.000761
23.71 0.000764
23.72 0.000767
23.73 0.00077
23.74 0.000772
23.75 0.000775
23.76 0.000777
23.77 0.000779
23.78 0.000781
23.79 0.000783
23.80 0.000784
23.81 0.000786
23.82 0.000787
23.83 0.000788
23.84 0.000789
23.85 0.00079
23.86 0.00079
23.87 0.000791
23.88 0.000791
23.89 0.000792
23.90 0.000792
23.91 0.000792
23.92 0.000792
23.93 0.000792
23.94 0.000791
23.95 0.000791
23.96 0.000791
23.97 0.00079
23.98 0.00079
23.99 0.000789
24.00 0.000788
24.01 0.000787
24.02 0.000787
24.03 0.000786
24.04 0.000785
24.05 0.000784
24.06 0.000783
24.07 0.000782
24.08 0.000781
24.09 0.00078
24.10 0.000779
24.11 0.000778
24.12 0.000777
24.13 0.000776
24.14 0.000775
24.15 0.000774
24.16 0.000774
24.17 0.000773
24.18 0.000772
24.19 0.000771
24.20 0.00077
24.21 0.00077
24.22 0.000769
24.23 0.000769
24.24 0.000768
24.25 0.000768
24.26 0.000767
24.27 0.000767
24.28 0.000767
24.29 0.000767
24.30 0.000767
24.31 0.000767
24.32 0.000768
24.33 0.000768
24.34 0.000769
24.35 0.000769
24.36 0.00077
24.37 0.000771
24.38 0.000772
24.39 0.000773
24.40 0.000775
24.41 0.000776
24.42 0.000778
24.43 0.000779
24.44 0.000781
24.45 0.000783
24.46 0.000785
24.47 0.000788
24.48 0.00079
24.49 0.000792
24.50 0.000795
24.51 0.000797
24.52 0.0008
24.53 0.000803
24.54 0.000806
24.55 0.000809
24.56 0.000812
24.57 0.000816
24.58 0.000819
24.59 0.000823
24.60 0.000826
24.61 0.00083
24.62 0.000834
24.63 0.000837
24.64 0.000841
24.65 0.000845
24.66 0.000849
24.67 0.000854
24.68 0.000858
24.69 0.000862
24.70 0.000867
24.71 0.000871
24.72 0.000876
24.73 0.00088
24.74 0.000885
24.75 0.00089
24.76 0.000895
24.77 0.0009
24.78 0.000905
24.79 0.00091
24.80 0.000915
24.81 0.00092
24.82 0.000925
24.83 0.000931
24.84 0.000936
24.85 0.000941
24.86 0.000947
24.87 0.000952
24.88 0.000957
24.89 0.000963
24.90 0.000968
24.91 0.000974
24.92 0.00098
24.93 0.000985
24.94 0.000991
24.95 0.000996
24.96 0.001
24.97 0.00101
24.98 0.00101
24.99 0.00102
25.00 0.00102
25.01 0.00103
25.02 0.00104
25.03 0.00104
25.04 0.00105
25.05 0.00105
25.06 0.00106
25.07 0.00106
25.08 0.00107
25.09 0.00107
25.10 0.00108
25.11 0.00108
25.12 0.00109
25.13 0.0011
25.14 0.0011
25.15 0.00111
25.16 0.00111
25.17 0.00112
25.18 0.00112
25.19 0.00113
25.20 0.00113
25.21 0.00114
25.22 0.00114
25.23 0.00115
25.24 0.00115
25.25 0.00116
25.26 0.00116
25.27 0.00117
25.28 0.00117
25.29 0.00118
25.30 0.00118
25.31 0.00118
25.32 0.00119
25.33 0.00119
25.34 0.0012
25.35 0.0012
25.36 0.00121
25.37 0.00121
25.38 0.00122
25.39 0.00122
25.40 0.00123
25.41 0.00123
25.42 0.00124
25.43 0.00124
25.44 0.00125
25.45 0.00125
25.46 0.00126
25.47 0.00126
25.48 0.00126
25.49 0.00127
25.50 0.00127
25.51 0.00128
25.52 0.00128
25.53 0.00129
25.54 0.00129
25.55 0.0013
25.56 0.0013
25.57 0.00131
25.58 0.00131
25.59 0.00132
25.60 0.00132
25.61 0.00132
25.62 0.00133
25.63 0.00133
25.64 0.00134
25.65 0.00134
25.66 0.00135
25.67 0.00135
25.68 0.00136
25.69 0.00136
25.70 0.00137
25.71 0.00137
25.72 0.00138
25.73 0.00138
25.74 0.00139
25.75 0.00139
25.76 0.0014
25.77 0.0014
25.78 0.00141
25.79 0.00141
25.80 0.00142
25.81 0.00142
25.82 0.00143
25.83 0.00143
25.84 0.00144
25.85 0.00144
25.86 0.00145
25.87 0.00146
25.88 0.00146
25.89 0.00147
25.90 0.00147
25.91 0.00148
25.92 0.00148
25.93 0.00149
25.94 0.00149
25.95 0.0015
25.96 0.00151
25.97 0.00151
25.98 0.00152
25.99 0.00152
26.00 0.00153
26.01 0.00153
26.02 0.00154
26.03 0.00154
26.04 0.00155
26.05 0.00156
26.06 0.00156
26.07 0.00157
26.08 0.00157
26.09 0.00158
26.10 0.00158
26.11 0.00159
26.12 0.0016
26.13 0.0016
26.14 0.00161
26.15 0.00161
26.16 0.00162
26.17 0.00163
26.18 0.00163
26.19 0.00164
26.20 0.00164
26.21 0.00165
26.22 0.00165
26.23 0.00166
26.24 0.00167
26.25 0.00167
26.26 0.00168
26.27 0.00168
26.28 0.00169
26.29 0.00169
26.30 0.0017
26.31 0.0017
26.32 0.00171
26.33 0.00172
26.34 0.00172
26.35 0.00173
26.36 0.00173
26.37 0.00174
26.38 0.00174
26.39 0.00175
26.40 0.00175
26.41 0.00176
26.42 0.00176
26.43 0.00177
26.44 0.00177
26.45 0.00178
26.46 0.00178
26.47 0.00179
26.48 0.00179
26.49 0.0018
26.50 0.0018
26.51 0.00181
26.52 0.00182
26.53 0.00182
26.54 0.00183
26.55 0.00183
26.56 0.00183
26.57 0.00184
26.58 0.00184
26.59 0.00185
26.60 0.00185
26.61 0.00186
26.62 0.00186
26.63 0.00187
26.64 0.00187
26.65 0.00188
26.66 0.00188
26.67 0.00189
26.68 0.00189
26.69 0.0019
26.70 0.0019
26.71 0.00191
26.72 0.00191
26.73 0.00191
26.74 0.00192
26.75 0.00192
26.76 0.00193
26.77 0.00193
26.78 0.00194
26.79 0.00194
26.80 0.00195
26.81 0.00195
26.82 0.00195
26.83 0.00196
26.84 0.00196
26.85 0.00197
26.86 0.00197
26.87 0.00197
26.88 0.00198
26.89 0.00198
26.90 0.00199
26.91 0.00199
26.92 0.002
26.93 0.002
26.94 0.002
26.95 0.00201
26.96 0.00201
26.97 0.00202
26.98 0.00202
26.99 0.00202
27.00 0.00203
27.01 0.00203
27.02 0.00204
27.03 0.00204
27.04 0.00204
27.05 0.00205
27.06 0.00205
27.07 0.00205
27.08 0.00206
27.09 0.00206
27.10 0.00207
27.11 0.00207
27.12 0.00207
27.13 0.00208
27.14 0.00208
27.15 0.00208
27.16 0.00209
27.17 0.00209
27.18 0.00209
27.19 0.0021
27.20 0.0021
27.21 0.00211
27.22 0.00211
27.23 0.00211
27.24 0.00212
27.25 0.00212
27.26 0.00212
27.27 0.00213
27.28 0.00213
27.29 0.00213
27.30 0.00214
27.31 0.00214
27.32 0.00215
27.33 0.00215
27.34 0.00215
27.35 0.00216
27.36 0.00216
27.37 0.00216
27.38 0.00217
27.39 0.00217
27.40 0.00217
27.41 0.00218
27.42 0.00218
27.43 0.00218
27.44 0.00219
27.45 0.00219
27.46 0.00219
27.47 0.0022
27.48 0.0022
27.49 0.0022
27.50 0.00221
27.51 0.00221
27.52 0.00221
27.53 0.00222
27.54 0.00222
27.55 0.00222
27.56 0.00223
27.57 0.00223
27.58 0.00224
27.59 0.00224
27.60 0.00224
27.61 0.00225
27.62 0.00225
27.63 0.00225
27.64 0.00226
27.65 0.00226
27.66 0.00226
27.67 0.00227
27.68 0.00227
27.69 0.00227
27.70 0.00228
27.71 0.00228
27.72 0.00229
27.73 0.00229
27.74 0.00229
27.75 0.0023
27.76 0.0023
27.77 0.0023
27.78 0.00231
27.79 0.00231
27.80 0.00231
27.81 0.00232
27.82 0.00232
27.83 0.00232
27.84 0.00233
